000111010100001000011111010011010000101100001111000000100001111101001111000100110100111000111100000110100110100101100101000111110100100100011100000011100100111000010011000000010000101100000111010011100001101100000001000101100100010100110110000000000001111000000001010010010110010000100000010101000001110100011101010000110011001101010011010011100110010101010010
000001100000000001000111010101000001110000001101010001010100110100000111000001000000110001010011000100100011110000001100000111100000100001001001000110100000100100010001010011110001010001001100001000010001101001000111001010110000000000000101000111010100011101011001000100010000010000001001000000000110010000100110000001110101001100000000001101110001011000000110
000011000001101000010111010000010001110100000001010100100101010000110000010111110000000000100000000100110000101000000101010001110100111100010010010010000000100001000101010011100110010100111110000101100000100100111000010001010000011000000101000010000001101001000110000001110100111100011111010110010111100001111110011010100110001000110110000011000001110100001111
010000010000110101001000000001100101010100011010000110110000000000011101010000100111010000000100000111100000000101001001000110100000100100010001000000100101001001111010011111110100100100000000010010000011101000000000000110100001001101001001000110100100111101000101010010000000111100011101000011010101001100000100001110100000000101010010000110010000000100001011
010000010001001100000110000000000100110000110001010111110101001101100010000101010000011000000111000010010000011101010100000010110001011101000001000101000001011001001001011110010011001100110101000010110001101100000001000001010000111101000110000001110100111100011101010011100111100001001110010010000010011101010010000001000000011100001100010001010101100001001000
000010000100000100000000010011110010000001010100000010000111010000001011000111010001100101001001000000100000000000001110000101100101110000000000010100100011000001101001011001010001111101001001000000100000001001010100000000000000000100001011000001110100111000000010000100000101001100000001001001100001000000010101010011010000001000000111000000100001111101001111
000110110100111001111000001100000110100100110110010100100000101000000001000010010101010000000110000001110000100101010011010011100000001000010000010100110000100000111011000100000000011000000101010010010000111100001111000100000100111100111011000000000011101001011111010001110010101100011100010010010110010000110011010011110101010000000010000100000101001100011010
010011110000010100010110000100010111010000001100000001100100110100001111000000100000111000000011010000110101001001001100001111010100111000000000001011110000101101001001000011010000100001001110000101110000110100010101010101000001110101001111000011100001110001000101010111100010100000001011010011010001100100000001000100100000011100001010010101010101001101111000
010011100100111101100010000001100000000100001011010001110101001100011101000011000000000000000000000101110000101000000101000111110000110000111010010000100101111001001101001011100000000101000001001000100000111000011100010010010011010001010110010000010110001000110101000001100100111101000111001010100111111000111011000010000100111100000001000110110000000101010011
010000100011011100000100000001110001111000001100010011100001010100011100000011100000011000000111001010110001101001010100001010100001011101001001000110010000011001011001010101000010000101000101010101110000011100000011000001010101001100000111001100010100010101111000001011000000011100001010010000010001110100001001010100100101100100110111010011110000000000100110
000111010000011101001001000100110000000000010011000000010001001101000101010011100000111001001001000101110000010000111001000010110101111001001101000111010000011000000100000110100100111101111000011101110011000001000011000000000011101100011101000111000100111000010100010101000001010100011010000011000100111001001001010011110000100000000111010001010011100100000000
010100100110011100111010000000010100000100010011000010100000011000000000001101110101110001000110011000100101010100001010000011110001001001010011000100010100100000101100000000000000110100000000000001110000011100010111001110110000100101010010000110010000000100001011010000010000011100011011000100110100011100111101000110100010101000010110000110100000110000011100
000000100000011100000111010010000000101101001111010011100000101100000000000000000001011000111101000010110101010101001101000010000000001000001101000110110001100000010111010001000111100000110000011010010110010100011111010010010000011100001001000000000001100100010001010001010100111100011001000000010100100100000011000011010011010100010110000101110100110101100011
001110100000100100010001010011110001010101001001001010100101011001001001001001110000000101001001000111010000011000000000000011010100100000010001010010000000101100010110010010010001111100001010001000100000000001010010000000000000110001001110000000000001101000001011010100100101010000110000010110110101010001100010000110110001101001001110000010000100101101010100
011000100010010001001110000010100100111100100000010100110000011000110101000010110101001000001001000010000000000000000010000100010100111100010000010001010010110001001110010001010011000001010010000111010000011000000110010011100101010000001001000010110101100101001110000001000000000000010111010001010011101001000010010100100001110100000101000011110001100001010100
011001010111100001110011001011000101101101000111001001110101001001011011010011100100101000001101010101000011000100000000010000010100111000011011000000010001011001000101001110110000101100010111010011010001000000001111010001100101010000011000000100110100111000110110010110110000000000101110000110110001101000011010000000100100111001010100000111000000101000000000
011001000010011000011101010101000001011001110100000010100001010000001011010010010000001100011000010101000000011100010111010000010011110000011010010100110010110101010010000001010000101100010011000000000000000000000000000000000000000000001100000010100000100000000111010001010010010000001001000100110001010001001001000110100000100100000110000000000000011101000111
001100000001101000101010000100010001110101001001001001110100011101000011000101010000011001000101010001100001101100000001000000100101001100001100001000000100010100000111000111010100100100001111000011110001000001001111000111110100000100110011010111110000000000101011000001100100100100011101000010000101010100011010000011000100010101000111000000010000000000001101
010100110110111101100101010010000100000001000000010110100100111000111000000110110100111101011111000011010111100001110001010011100010110100010001000000100100111000001000010011100101010000011011000010100100110100001011010011110001111000011100000010100011000001000101011110000010101100000110000111000100000100010011000000000001110101000100011110000101011001010101
001000010001100101000101010011100010111000000000000110000000000100001110010001010100111000000010000100000101001100010111001111000001110000011111000010000001101001001110000000000000000000011101000111010100001100110001010101010101010100110001010100100110001100111101000100100101000000010001000110100000011001000001000000100000111000001111000000010000010000110011
000011000001111000000100000110100001101000001000000101110000101000001010010100000011000101011011010011000010101100010110000001100000110100001110010011110000000100011011010001010010101000100111010010000000010001010011000001000011101001000101000101110000101100001111000010110000001000000000010011110001001101001110001111000001101001010100001010100001001100011101
010011100001111001001111000000010100100000000110010000010000000001001111000010110001011000010001011101000110111100111011010011010000101000001111000011110101010000011011000100110100101100111101000110100100000101100010000101000000010100010111010001110100011100011101000110100000100100000000000011110000000100001101010100110000100000110101000011100001011101001101
000000010000101100010011010101000001100000010111010101000111011000011010001010100100100000111011010011100000001101000111010011000001110100000011000000000000000000111101000011100000010000000000000010100011101001000101010111110100000001001001001111010000000000011001000111000001110101001110011110000100111001001111011000100011011000001100000000100000111001001100
000101010000000001000101001010100011101000000111000011000000000100000000011100110001011001010010000000110000011001001110000001010001000100000001000010110100100100110110000111010000110001100010001010110000011000011011010001110100001100010101000001100100010101010100000111000001011001001001000001110000101001110100000011010001001100000011000011100100111001101011
001101100001101000000110000000000010000101010101010101010110010100011110000001010100111000001100010001010001000100011000010001010101010000011100000101100000000000011101010000100111010000010001000111010100110100001110000010110001010101010100000000100000101100000000001010110100111001011001001011100001011101001001011001000010100001010110000100010001101001000101
010000010000000000001011010010010001110000010011001100010001011101011110010011010001100100011100000000000001011100011011000110110100001100111101000110100100110100100011000110010000110000011101010001110101000000010001000110100000001101000101000011010001101101001001011110010010011100100001000100010101001000000011000001100001101001000001000111010000100101010010
010110010011011101001111000001110011000000010111010010010000111101000111010011000001101100001001000000110100010100011100010000010100100101111001011011110000110100001010000001110100101000000101000000100100000100010011000010100000011000000000001101100101010101010111001010100001011100011011000010110100101100000000000110100000011101000101010100000000001000001110
000010100001011001001001011101000000101100011101010011010001110100000111000011000001000101000011010100100100111000110111000110100100011100101011000000000000010100011101010001110010101000100111000001110000101001001110010011100100001001000100010100110010101000111100010001010001111100010100010010010010100100001110000100000100001101010010010010000011011101010111
010001010010000000011101000011010001011101001011000000000000110100000111000100000000000000011110000111010000011000010001000001000011011000001001000010110100110100001100000011110001010101010100011001010010000101010000001110010101110101001000001001110000011000011101000001110100011101010111000111010001110000001101000000000000111101001111000110100000001100001010
001110110000101101010011010011010010101000000001000011000001000101001111000111010100111001111000010110110100111000100110010100100001101000001111000111100000000000011101000111000100010000000000011001000110010100111111001110100011010101111010010001010010010000001100000001110000011100001101000110000000111001010010011010010011101101011111000000000011101100010111
000110010100001001000111010110010001000100011000010010010000000000100111010010000000010001010011000001100011101100001000000110110000001101001110010011100000100100010101000111010001011000000000001101000101001101001011001001110101001000001000010011100001010101001000000111010000011000001010000000000110010000100110000001110000011100001010001011000000110000010001
000011000001110100000111000011110001001101001111000000010100111101111000010000110100111100110111010100100001101000011010000001100100011100010011000011010001011100000000000000100000011000000010000101100100010100110101010001010000010100000100000001110000000101000001011111100011110000011101000000000010100001001111010011100010100100000001010010010001110100010011
010011110000010001001000000100010101001000010111000001100000011100010100010001010011010100001011000101100100110100001110000001110001001100011000010011110000000101010100001101110100101000000000001000010000000000010000000001110000100100000111010101000110001000110011010000010000000000000110000001010001111100000100011101000010110000010001000010000100100100000111
000100100101010000011100000101110100110000110100010100110100111001100101010100100000100000000000000000110000000000001101000001110001000000000000000111100000101000000110000000110000100100110001010001010001001100011111000011000100111000000011000000010001011000011011010011100111111100011010001010100110010100110001000010000001101100010100010001010101010000011111
000011010101100101001110000110110000000100010110010001010011001000010111000101110000110000000010000111010100000100010101000111010001011100000000001100100101010101000011001010010001101100000111010010010100011101001100000111010000001100000000000000000010110100011101000010000000100100011100011101000010001000011110000110000000110001001110011010110011100100000000
000001000100100100110110000111010000000000100011000111000000110101001110000000000101001000011011000001110001001101001001000000000100100001001001000001110001011100101101000011000001110000001010010010010001101000001110010101000001110000011011010011100011111100011010010000010010111000011101000001110000100101000111001010100011010100000100000010010000000000011010
000001110001101100011100000100000011001100001101010100100001100100000001000010110100000100010011000001110001011101010100001011000101010100000000001001010000000000000110000000010001000101001001000110100100111101000101010101000000011000000110000110100101001100001101001100010001011100010111010011010001101000000001000011110001001101001111011110000110111000110111
010011010000000000111011000111010001110001001001000101010100010101010100000010010000100001000001000101000000101000001101010100110000011100101101010001010000011000000101000011000100111000110111001111010011111101010010010100000011011101001001010100110010011101011100010010010110010001101101011100110000000000001101000101010101000000000111000000010100111001010011
000101100011101101000101000110100000110000011011000010100100000100011000000001100001100101000101011110000101101100000000000001010001011100011011000000110000011001001110010101000010011000000100010110100000011101001111011000110010000000010001001101010001011100000110000000010000110000001010010000010001011000010110010100100101010000110000010111110000000000100000
000100110001101000001011000101000000000000011100000000010001000101010100000001110000000101001110010100110000001000100110000010100000011100000011000011010100111001101011001000000000011100010111010100100011110100011101010100110110001000011100000001100100111000010011010100100001110100011000000101010100100100000000010010000100100100011100000010110111010000001000
000110110000001100001100010000100100000100111101010010000001111100000000001100100100111101010011001101100101001000001110000010110001001101010100000111010000011001000010000000000000101000000000000111100001110101000101010111100011011000000010000011000001101100000101000000000001100100001110000001100100100100111011000101100000000000001011010101010000010001001110
000011110100000100011010000011110000110001001110010010010100111100011101000110100000001000111100000100010101001000000001000000000000010100000100010101000000111001010010010001100011100101010100010000010011011000011011000010100100111001101101011110010001101100011101010001010101010000011100000011100001100100000011000000000011000001000101000111110000100001001001
000000010000111100010111000010100101001001000001001101100101111000000000000010110101001000011101000001100000100001010101000100110000000000010001000000000001101000000111000010000000011101000101010111100011110000011101000110000100100100000011000010000001001100000111000001100000000000110000010110110101011000100111010100100000000000011010010001110010101000100111
000001110100010101010011000110100000101000011001010100110000000100111011000100100001110001001101000010000000000000000101010101000000001100010111010011100011110000011010010011010010011101010010000100000000000100010010010100100101010000001101000001000101001001001110011001010100111001001011010111000111010000001100000111000100110100000100000101110100000100000000
000001100001111101000101011110010001101001111001001011010000011101000101010011100100000000011001010001000100100000001100010100110100111000000010000100000101001100011100001100010000010000000000010000110100100101100100011010110010110100000000000001110000011100101010010111110000000000110101000101110000100000000101000000100100111000011101000001100100001000000000
000010000000111000011010000001110100100101110100001111000011110101001100010010010000111100001111000100000100111100111011000000000011101101011011010011100110001000000110000011000000001000001011000000000001110100011100010001010010101000110111000000000001110000000001010001010011011000001010000101100001010001001110000111010100000100010011000010100000011001010100
001100010101010000000111011000100001101000000110000110100100101100000000000001110000011101001001000000000001110100000000010010010011101001000101001101110000010000011100010011010001101000000011000001000001100000000011010100100100100100101100000110100010101000010001000111010100100100001010000010000100111001010011000111000100010101000010000010110100111100000100
000100100000000101110100000001000001110000001001010010010000101000001110000110100100100000000110000000000011101001011111000000000011000100010011000011010100111001101101000001110011011100001001000100000101001100001011010011110001110100011011000000000111010000001001000010110001111100000000000011010001001001010100000011010001011101001100001101110101010001000111
011000100000011000000110010011100010111001100011001100010100010001000101011110010000000100011010010010010001000000000100001110100100010100010001000011000000010100000010010000010001100100001010010100100110010000111001010111100000000001001000001010110000011000011011010000000101001000010001010010000001010101001001000110100000110000000001000110100000101101110011
010001010001001101001101000011110000011100010101010110000100111100000001010011110111100001001001010101000010011100000010010010010000110000000110010000110001111101001000000001000100111000001010010011110000110000011101000000010010000100010111000101110100110101100011001000100000010000000000010011110000011001001000001111010001101001010111001010110000011000001010
000001100100011101000100000110110000101100010001010011110001110001000011010010010011101000000110001100010100100101010010000010010000011001001110000101010001110000001010010100100100010000111001010101000100001100100111010100100001110100000001010001110100001100000001000110100000000000000000011001000011110000000110010100110000011000111011000010000001011101001101
000111000001111001000001000101110000001100011101010100110011110100011010010000010010110000010110010010010000101000001000010011100101001100011100010001010100001000001011010011110001101000000010000100000011010100010111000101110100110101100011001101110000111000000001010011110000010101000001001101100101010001000001011000100001000000001000000110100001001101001100
000100010100100000001000010001010100111001000010010001000101001100100100001110100001110000000110000001000000010000001011010011010101010000001110000111000101100100101111010100100100010100110000000101110100100101100100011011010111100100011011000111010100010101010100000001100000000000011100000101000000110100100000010001010000011000000101000010000001101001000001
001111010100111100000101010000010010101100011010010101110010011100010011000000100100001001000111011000100001101100010001010010010000000000010111000000000001110001010100000101110011000101000101000101100000100000001000000010100100000100000011000111010001110101001110001111110001101000101010000100010001110101001001000011010000100001001101000100010100100000001010
010011100100001001001111000011000000010100000000001001100001110000010000000000100000110100010111010000010001010100000001000101100000000000101011010100110100111000100101010100100001110100000110000011100101001101010100000110110000101001001110000010010100111101100011011110010011011000110101000111000101001001000000010001000100111000110001000110000000111000001011
000000000010110001010010010000010011011001010010000011110001101100001001010010110000110101001000000010000101010100011101000001100000101001010011001101100011010100011100010111100100110100001110000000010100000100000011000001110001101101010100001111010001101001000010001011010000101101000101010011100000000001001111010101000001111100001101010010010001101000001010
010010010001000100001010001011010100010100010101000000100100100101100100000100010001100000001110000010110000000000101100010100100100000100110110010100100000111100011011000010010100101100001101010010000000100001010101000111010000011000001010010100110010001000111011010001010000010100000101000000000001101000000100010101000000110100011101010110010111010000011010
010001110010110101010010000111100000011000001110010101000001000101001000000001110100111100010111010000110100100100010100000010100111010001101111001111100000110000010000010011100000010100011011000110000001110000000000001110010101010001000100011000100001000000000110000000010000000001001001000100010100100000000100010011100000101001001111000110010001111100000100
001011010100010100000110000001010000100000011010010000010001001000011010000111000100101100100001000110100100110100110111000000010000000000001101010001110101010000011101000001000000100100000000000101110000000000011100010100110000000100111101000000000101110001001101011000110110010000110001000110000000111000001011000000000010110001010010010000010011011001010010
000011110001101100001001010010110000110101001000000010000101010100011101000001100000101001010011001001100011101100001000000101110100110100000110000000000100110101010100001011000001110101001101001111010001101001001111001011000101111001001001000000100000001001010100010101000000010100000000000000000000011000001010000010000000000101000101010111100011010100011110
000011000001000001001110000101010001110000001110000001100000000000111110010011110100111000101001000010110100100100000011000100100101001100011101000010110100010101010111000001100000011000011101000101100100010100110110000010100000101101001101000100000000000100010100010101000001110000010011010110010111100001010011010101000110111001010010000110100000111100011110
000000000001110100011100010001010010101000111110000000110000100000001010010001010010000000001101000100110001100101001001000010000001010000011010000001000000101100000000001101010100111101010011001010110001000101001001001011110100011101001100000111010001110000010001010011000000101101001111000001010001110000010000001100000000000000000000010011010000011100000001
000101100101010001100101001000100100110000111001010000110000000000110110000110100000100000011010010001110100011000000001000001100000111001011001010011100000001000011100000000000000110000110111010010010101001000011010000000010000011100010101000100010100111100010000010011110010000100011010011000110010110100011111000011000100111000001000010011100101100001001000
001001100100111100000011000010100100100100011100000010110111100001000101001100010000001000000100000010110100000100011011000000010101001000101010000010000101011001000001001110110101001000011101000001100000011001010100010101000000111000010000010011100000010100010110010010010001111000010000001001110000110000010001010011010110001100
